0.67495692
0.54447573
0.63988769
0.91675758
0.75440025
0.69646192
0.67867112
0.62941408
0.66481787
0.67182118
0.62531793
0.72163486
0.70512545
0.64811963
0.65479326
0.68299502
0.73078340
0.64156634
0.00000000
0.00000000
0.37720305
0.45145190
0.63440812
0.83984488
0.90292478
1.06145823
1.14700019
1.09677255
0.93469912
0.94865024
0.94281793
0.76982528
0.37687963
0.31309527
0.31963438
0.00000000
0.00000000
0.00000000
0.45704058
0.65032172
0.81055129
0.87591040
0.44756407
0.74674124
0.66920727
0.71164191
0.96926612
0.50652647
0.59545541
0.67260444
0.58459133
0.00000000
0.00000000
0.00000000
0.00000000
0.00000000
0.44340840
1.36929202
1.01098716
0.55376375
0.44732934
0.00000000
0.01673341
0.19141817
0.23808360
0.00000000
0.00000000
0.30312181
0.66053122
0.33313781
0.00000000
0.00000000
0.00000000
0.00000000
0.00000000
0.00000000
0.12912720
0.00000000
0.00000000
0.00000000
0.15724713
0.01721168
0.17044348
0.08113378
0.00000000
0.00000000
0.02407241
0.55891478
0.12512463
0.00000000
0.00000000
0.00000000
0.00747305
0.00000000
0.10723901
0.00000000
0.39938855
0.08770466
0.18483436
0.00000000
0.33331120
0.21331877
0.10882485
0.13011843
0.00000000
0.19008654
0.13501078
0.00000000
0.00000000
0.00000000
0.29167777
0.57806945
0.66890460
0.71202761
1.16418529
0.79140586
0.48628309
0.51786387
0.75265169
0.40720302
0.10172868
0.00036788
0.00000000
0.00000000
0.00000000
0.00000000
0.00000000
0.00000000
0.07833064
0.17252165
0.53396308
0.82717186
0.72942770
1.06752145
0.80908763
0.86948639
0.70805210
0.66594845
0.62317693
0.42517701
0.51351577
0.09998327
0.12247121
0.00000000
0.00000000
0.00000000
0.00000000
0.05863768
0.22093010
0.68830234
1.31999111
0.73833132
0.86773616
0.96697450
0.98544151
0.95619071
0.95148510
0.71011853
0.35833395
0.06467444
0.00000000
0.00000000
0.00000000
0.00000000
0.00000000
0.00000000
0.00000000
0.01838225
0.10199440
0.06925851
0.50863934
0.62587476
0.67071939
0.54674840
0.31006455
0.14135933
0.00000000
0.00000000
0.00000000
0.00000000
0.00000000
0.00000000
0.00000000
0.00000000
0.00000000
0.00000000
0.00000000
0.00000000
0.00000000
0.00000000
0.00000000
0.00000000
0.00000000
0.00000000
0.00000000
0.00000000
0.00000000
0.00000000
0.00000000
0.00000000
0.00000000
0.00000000
0.00000000
0.00000000
0.00000000
0.00000000
0.00000000
0.00000000
0.00000000
0.00000000
0.00000000
0.00000000
0.00000000
0.00000000
0.00000000
0.00000000
0.00000000
0.00000000
0.00000000
0.00000000
0.00000000
0.00000000
0.00000000
0.00000000
0.00000000
0.00000000
0.00000000
0.00000000
0.00000000
0.00000000
0.00000000
0.00000000
0.00000000
0.00000000
0.00000000
0.00000000
0.00000000
0.00000000
0.00000000
0.00000000
0.00000000
0.00000000
0.00000000
0.00000000
0.00000000
0.00000000
0.00000000
0.00000000
0.00000000
0.00000000
0.11708224
0.00000000
0.00000000
0.37469530
0.04656774
0.01241916
0.09632415
0.14772591
0.16591278
0.22802585
0.37478429
0.30291831
0.20499367
0.00000000
0.15836862
0.16779801
0.10107580
0.09317392
0.04525408
0.00000000
0.00000000
0.00000000
0.00000000
0.00000000
0.00000000
0.51372623
0.97019881
0.98441815
1.22851801
1.20253491
1.14270878
0.93974215
0.76655507
0.41399649
0.00000000
0.00000000
0.00000000
0.00000000
0.00000000
0.00000000
0.00000000
0.00000000
0.67018449
1.25763607
1.76257658
2.00074148
2.13994503
1.93995070
1.80336380
1.77982640
1.65455317
1.05427623
0.27075031
0.00000000
0.00000000
0.00000000
0.00000000
0.30458975
0.83424902
0.66894794
1.77296603
1.73058689
1.64400876
1.68321323
1.61983323
1.47471368
1.72937429
1.63025188
1.82477605
2.08869839
1.26704025
0.35377225
0.00000000
0.00000000
0.00000000
0.22411203
0.52044374
0.91961277
1.19635487
1.93827760
1.36444545
0.91991675
1.21575379
1.27479208
1.33194256
1.50132465
1.73731422
1.92813385
1.89536059
0.92479384
0.00000000
0.00000000
0.00000000
0.00000000
0.55900496
1.30809712
0.51639259
1.84279096
1.26029682
1.03999877
1.36247611
0.96481609
0.87200749
1.11548150
0.94896317
1.47633982
2.02571678
1.38243473
0.28259948
0.00000000
0.00000000
0.00000000
0.00000000
0.53290612
1.42417836
1.47305584
1.22142422
1.80601513
1.48997545
1.68352425
1.35550451
1.51247907
1.21015453
1.21470094
1.73457778
1.39905214
0.17921844
0.00000000
0.00000000
0.00000000
0.00000000
0.00000000
0.50925094
1.29493606
1.58256662
1.80301392
1.64981735
1.60168540
1.58577704
1.39836693
1.45253003
1.42573524
1.16664279
0.85980618
0.00000000
0.00000000
0.00000000
0.00000000
0.00000000
0.00000000
0.00000000
0.20858526
0.89406568
1.46508169
1.10435033
1.39658189
1.44625068
1.39846087
1.35457754
1.17038107
0.55997932
0.00000000
0.00000000
0.00000000
0.00000000
0.00000000
0.00000000
0.00000000
0.00000000
0.00000000
0.00000000
0.43820250
0.48546684
0.83602369
0.87391818
0.87021732
0.75045389
0.27653515
0.00000000
0.00000000
0.00000000
0.00000000
0.00000000
0.00000000
0.00000000
0.00000000
0.00000000
0.00000000
0.00000000
0.00000000
0.00000000
0.00000000
0.00000000
0.00000000
0.00000000
0.00000000
0.00000000
0.00000000
0.00000000
0.00000000
0.00000000
0.00000000
0.00000000
0.00000000
0.00000000
0.00000000
0.00000000
0.00000000
0.00000000
0.00000000
0.00000000
0.00000000
0.00000000
0.00000000
0.00000000
0.00000000
0.00000000
0.00000000
0.00000000
0.00000000
0.00000000
0.00000000
0.00000000
0.00000000
0.00000000
0.00000000
0.00000000
0.00000000
0.00000000
0.00000000
0.00000000
0.00000000
0.00000000
0.00000000
0.00000000
0.00000000
0.00000000
0.00000000
0.00000000
0.00000000
0.00000000
0.00000000
0.00000000
0.00000000
0.00000000
0.00000000
0.00000000
0.00000000
0.00000000
0.00000000
0.00000000
0.00000000
0.00000000
0.00000000
0.69241381
0.56263244
0.74648595
0.77957487
0.81360567
0.79386681
0.72583610
0.59153873
0.52421629
0.64259428
0.75594300
0.69959426
0.66685009
0.73832214
0.73853791
0.74220496
0.74318588
0.55252963
0.90580720
1.10620511
0.86189133
0.95193398
0.99395287
0.90312922
0.83777320
0.57859206
0.35147649
0.61287773
0.90541273
0.94286633
0.88274318
0.90365988
1.00940752
1.00665748
0.99934399
1.03495824
0.62889111
0.83983010
0.63313413
0.56680322
0.74032784
0.40227544
0.10176849
0.00000000
0.00000000
0.00000000
0.00000000
0.44515029
0.54554284
0.58354199
0.70567083
0.86844754
0.90776527
0.84143311
0.78816020
1.27349460
1.04334271
0.00000000
0.00000000
0.04329872
0.15197891
0.08342606
0.05019236
0.00000000
0.00000000
0.21423548
0.40222988
0.33213872
0.42441651
0.73680484
1.00187325
0.85682362
0.67417920
1.39029777
1.55949092
0.73032022
0.00000000
0.07667744
0.13626736
0.26098931
0.47858903
0.30295652
0.18268734
0.14293885
0.12841791
0.61042821
0.66217941
0.56069607
0.90320516
0.86391872
0.66057724
0.96120560
1.25288129
1.15641427
0.28833389
0.21543080
0.37643704
0.46391913
0.65550816
0.72716588
0.56735361
0.64955246
0.51695371
0.67610097
0.84387553
0.79375619
0.70862991
0.88461298
0.66449559
0.93632281
0.83064157
0.87358934
0.74410039
0.31806046
0.03564966
0.22236925
0.50620019
0.55075121
0.76787090
0.96449399
1.12174439
1.18071246
1.23428655
0.96099454
0.89735174
0.91016054
0.58269727
0.89112413
0.72833788
0.60701829
0.64467078
0.66609293
0.52627665
0.37364116
0.60031462
0.59072918
0.65353489
0.65629518
0.70765710
0.96296966
0.92172337
0.92511177
0.92106336
0.93988895
0.51738101
0.74258214
0.80218196
0.77295774
0.79972410
0.66983032
0.68501621
0.83820325
0.82450360
0.74779236
0.79718798
0.90068835
0.80188090
0.79835027
0.81345928
0.92381978
0.93246359
0.96736282
0.50469631
0.75365776
0.88227963
0.80075717
0.76589739
0.86762738
0.73219007
0.70130420
0.59748989
0.60169983
0.64158493
0.78168958
0.79856491
0.87951523
0.92332506
0.98015612
0.93629569
0.96929848
0.49867392
0.75444484
0.89096504
0.81595170
0.80647248
0.87464714
0.89950830
0.91911954
0.92038679
0.94171059
0.97397184
0.96788204
0.97490901
0.92343086
0.92624605
0.95832670
0.95102030
0.98233747
0.44942629
0.68523812
0.77060193
0.81983769
0.82054293
0.88023984
0.89085066
0.88779914
0.89930522
0.90389860
0.95001388
0.94042069
0.91422975
0.91470516
0.91461247
0.94550234
0.98833007
0.98003256
0.46889690
0.70951200
0.79277241
0.81589830
0.85726839
0.88575733
0.89628023
0.88873148
0.88797611
0.86844540
0.93098772
0.92884123
0.91700232
0.92841357
0.94339883
0.97933614
1.12522554
1.00049770
0.35865352
0.33749038
0.44410408
0.47001910
0.47844723
0.45184392
0.45217383
0.47476164
0.49376062
0.51730466
0.53311002
0.54701054
0.57873064
0.57521695
0.60439527
0.63089931
0.71960849
0.00000000
0.23947784
0.00000000
0.00000000
0.00000000
0.00000000
0.00000000
0.00000000
0.00000000
0.00000000
0.00000000
0.00000000
0.00000000
0.00000000
0.00000000
0.00000000
0.00000000
0.00000000
0.19797146
0.39815637
0.07325527
0.00000000
0.03552487
0.03934228
0.00000000
0.00000000
0.00000000
0.00000000
0.00000000
0.00000000
0.00000000
0.00000000
0.00000000
0.00000000
0.00000000
0.00000000
0.00000000
0.50174230
0.74822599
0.58562338
0.64875996
0.24428362
0.00000000
0.00000000
0.00000000
0.00000000
0.00000000
0.00000000
0.00000000
0.00000000
0.03926635
0.24746600
0.43675923
0.45676169
0.49094734
0.51470613
0.65141618
0.10620558
0.00000000
0.00000000
0.00000000
0.00000000
0.00000000
0.00000000
0.00000000
0.00000000
0.00000000
0.00000000
0.00000000
0.00000000
0.33256042
0.44444197
0.48486686
0.45866609
0.38399327
0.00000000
0.00000000
0.00000000
0.00000000
0.00000000
0.00000000
0.00000000
0.00000000
0.00000000
0.00000000
0.00000000
0.00000000
0.00000000
0.24612764
0.42789161
0.48289445
0.45397645
0.46267742
0.00000000
0.00000000
0.00000000
0.00000000
0.00000000
0.00000000
0.00000000
0.00000000
0.00000000
0.00000000
0.00000000
0.00000000
0.00000000
0.00000000
0.49418598
0.48341185
0.49090773
0.70235884
0.35323605
0.29289615
0.00000000
0.00000000
0.00000000
0.00000000
0.00000000
0.00000000
0.00000000
0.00000000
0.00000000
0.00000000
0.00000000
0.00000000
0.81953305
0.45806393
0.51135737
0.85720730
0.67884558
0.75645405
0.61723042
0.00898892
0.00000000
0.00000000
0.00000000
0.00000000
0.00000000
0.00000000
0.00000000
0.00000000
0.00000000
0.46681231
0.70895272
0.48115063
0.56984365
0.91457170
0.65844291
0.68830484
0.72899580
0.67124397
0.42805892
0.00000000
0.00000000
0.00000000
0.00000000
0.00000000
0.00000000
0.00000000
0.63609529
0.74534833
0.54339314
0.46536043
0.57849509
0.94761729
0.65330744
0.63574803
0.66213059
0.61678249
0.42839178
0.35212529
0.32524604
0.31821603
0.25731730
0.21716630
0.35782975
0.64038110
0.67952752
0.51677126
0.50409561
0.46007457
0.58841848
0.97932005
0.67386878
0.61966151
0.61555952
0.53336942
0.47648612
0.48841107
0.45498478
0.48156890
0.44510365
0.50799441
0.60605693
0.52904898
0.48833549
0.48388261
0.49100950
0.47780019
0.57807273
1.06131554
0.70704055
0.64925778
0.54907525
0.49492905
0.49630389
0.50425690
0.49982667
0.51438326
0.50988775
0.51289546
0.50177503
0.49694160
0.49012306
0.49244484
0.48498008
0.49024308
0.59465921
1.07902265
0.70176458
0.65943241
0.54767102
0.49564096
0.48524207
0.48605096
0.46176878
0.48436597
0.48999804
0.48953649
0.49790618
0.48951402
0.47595853
0.48581976
0.46958315
0.62330425
0.51478225
1.12616181
0.79479164
0.72965014
0.63004249
0.56702626
0.54543382
0.53750443
0.53938115
0.53726763
0.54238540
0.57734084
0.58557814
0.58331543
0.58513987
0.57099760
0.41401991
0.89345002
0.00000000
0.00000000
0.00000000
0.00705940
0.05325425
0.05959636
0.08849329
0.18841040
0.26306966
0.19114181
0.06326431
0.05652595
0.07533282
0.05687803
0.04804069
0.01182026
0.00000000
0.00000000
0.00000000
0.00000000
0.00000000
0.00000000
0.00000000
0.34154430
0.71341294
0.90915418
0.97576976
0.94122875
0.78823674
0.60977203
0.72772413
0.35936093
0.00000000
0.00000000
0.00000000
0.00000000
0.00000000
0.00000000
0.05067885
0.42343831
1.00872779
1.29142570
1.53558683
1.31187654
1.27674747
1.30214787
1.19608068
0.97771746
1.02959347
1.17157400
0.74244392
0.00000000
0.00000000
0.00000000
0.00000000
0.00000000
0.83606756
2.05508327
1.75257170
1.52839339
1.38037252
1.35411179
1.32891750
1.36412036
1.41763973
1.30682826
1.41764760
1.44085884
1.29127944
0.77574784
0.00000000
0.00000000
0.00000000
0.00000000
0.53805429
1.37344193
2.26756525
1.61908364
1.84404206
1.71008360
1.19530034
1.17889333
1.28298044
1.11054182
1.17918158
0.96062827
1.40205562
1.25016880
0.22760919
0.00000000
0.00000000
0.00000000
0.09266812
0.34293458
1.76985025
1.88772023
1.54945087
1.45161223
1.73667836
1.45065510
1.56344116
1.36830354
1.50742984
1.32685065
1.03473365
1.37636185
0.90209889
0.00000000
0.00000000
0.00000000
0.00000000
0.53294736
0.64338803
1.28816652
1.40845978
1.28930867
1.01300669
1.09808040
1.15277326
1.27713704
1.33418274
1.34115505
1.34441757
1.17342198
0.64641267
0.00000000
0.00000000
0.00000000
0.00000000
0.10851240
0.96139777
0.97259623
0.80813521
0.89126164
0.80200672
0.73110980
0.81555194
0.88717616
0.97560489
0.94026273
1.00714064
0.78272074
0.02685177
0.00000000
0.00000000
0.00000000
0.00000000
0.00000000
0.14162618
0.70964050
0.84777421
0.49387866
0.54319835
0.71665317
0.65058607
0.62086129
0.81288344
0.77508330
0.72398931
0.20425463
0.00000000
0.00000000
0.00000000
0.00000000
0.00000000
0.00000000
0.00000000
0.00000000
0.23735306
0.44378501
0.49876881
0.54099804
0.65565592
0.75062466
0.69159776
0.41646153
0.00000000
0.00000000
0.00000000
0.00000000
0.00000000
0.00000000
0.00000000
0.00000000
0.00000000
0.00000000
0.00000000
0.00000000
0.00000000
0.00000000
0.00000000
0.02229661
0.00000000
0.00000000
0.00000000
0.00000000
0.00000000
0.00000000
0.00000000
0.00000000
0.00000000
0.00000000
0.00000000
0.00000000
0.00000000
0.00000000
0.00000000
0.00000000
0.00000000
0.00000000
0.00000000
0.00000000
0.00000000
0.00000000
0.00000000
0.00000000
0.00000000
0.00000000
0.00000000
0.00000000
0.00000000
0.00000000
0.00000000
0.00000000
0.00000000
0.00000000
0.00000000
0.00000000
0.00000000
0.00000000
0.00000000
0.00000000
0.00000000
0.00000000
0.00000000
0.00000000
0.00000000
0.00000000
0.00000000
0.00000000
0.00000000
0.00000000
0.00000000
0.00000000
0.00000000
0.00000000
0.00000000
0.00000000
0.00000000
0.00000000
0.00000000
0.00000000
0.00000000
0.00000000
0.00000000
0.00000000
0.00000000
0.00000000
0.00000000
0.00000000
0.00000000
0.00000000
0.00000000
0.00000000
0.00000000
0.00000000
0.00000000
0.00000000
0.00000000
0.00000000
0.00000000
0.00000000
0.06415647
0.11983383
0.18708628
0.10749036
0.00000000
0.00000000
0.00000000
0.00000000
0.00000000
0.00000000
0.00000000
0.00000000
0.00000000
0.00000000
0.00000000
0.00000000
0.00000000
0.00000000
0.23049369
0.28853929
0.06107557
0.00000000
0.00000000
0.00000000
0.00000000
0.00000000
0.00000000
0.00000000
0.03790206
0.00000000
0.00000000
0.00000000
0.00000000
0.00000000
0.00000000
0.18530762
0.37151253
0.00000000
0.00000000
0.01754993
0.43777472
0.49966872
0.55431563
0.30447912
0.20257500
0.27311331
0.15234345
0.00030661
0.00000000
0.00000000
0.00000000
0.00000000
0.00000000
0.00000000
0.39912009
0.04278958
0.19188252
0.73501873
1.29329491
1.01452506
1.54658937
1.14304638
1.08835685
0.81133109
0.58079189
0.31317368
0.00000000
0.00000000
0.00000000
0.00000000
0.00000000
0.00000000
0.28094783
0.67404443
0.40176114
0.00000000
0.00000000
0.00000000
0.39095590
0.56452179
0.78623670
0.91208744
0.87895262
0.84148467
0.43030480
0.00000000
0.00000000
0.00000000
0.00000000
0.00000000
0.35999364
0.88244689
0.22288290
0.00000000
0.00000000
0.00000000
0.00000000
0.00000000
0.00000000
0.00000000
0.03913593
0.24322993
0.16395301
0.12201893
0.00000000
0.00000000
0.00000000
0.00000000
0.15475672
0.49840987
0.54454416
0.37712574
0.18702701
0.25796053
0.14373812
0.11705551
0.00000000
0.00000000
0.02595699
0.18021059
0.40064436
0.28083706
0.00000000
0.00000000
0.00000000
0.00000000
0.04557222
0.13990071
0.36591768
0.72645473
0.84147263
0.63539457
0.62822950
0.64012551
0.63250160
0.61179334
0.61940497
0.67306113
0.49614507
0.05235600
0.00000000
0.00000000
0.00000000
0.00000000
0.07209206
0.06245935
0.07822931
0.22487339
0.45133376
0.69611013
0.74605882
0.82719314
0.87383366
0.77576423
0.51993620
0.33765408
0.00000000
0.00000000
0.00000000
0.00000000
0.00000000
0.00435436
0.15065846
0.12762630
0.01192564
0.02900857
0.00711209
0.03309673
0.02982026
0.12890816
0.10325688
0.03342879
0.00000000
0.00000000
0.00000000
0.00000000
0.00000000
0.00000000
0.00000000
0.00000000
0.12754455
0.08237803
0.02984136
0.00000000
0.00000000
0.00000000
0.00000000
0.00000000
0.00000000
0.00000000
0.00000000
0.00000000
0.00000000
0.00000000
0.00000000
0.00000000
0.00000000
0.00000000
0.06293285
0.03394294
0.01320255
0.02365029
0.00000000
0.00000000
0.00000000
0.00000000
0.00000000
0.00000000
0.00000000
0.00000000
0.00000000
0.00000000
0.00000000
0.00000000
0.00000000
0.00000000
0.00000000
0.00000000
0.00000000
0.00000000
0.00000000
0.00000000
0.00000000
0.00000000
0.00000000
0.00000000
0.00000000
0.00000000
0.00000000
0.00000000
0.00000000
0.00000000
0.00000000
0.00000000
0.00310168
0.00000000
0.00000000
0.00000000
0.00000000
0.00000000
0.00000000
0.00000000
0.05499665
0.06504197
0.01078880
0.11786167
0.14358412
0.11291081
0.08572941
0.00000000
0.17854190
0.00000000
0.18295471
0.12662542
0.02987054
0.00000000
0.00000000
0.00000000
0.00000000
0.00000000
0.00000000
0.00000000
0.00000000
0.00000000
0.00291613
0.05245142
0.06437871
0.00000000
0.20817392
0.03251614
0.16253453
0.00000000
0.00000000
0.00000000
0.00000000
0.00000000
0.00000000
0.00000000
0.00000000
0.00000000
0.00000000
0.00000000
0.00000000
0.01303841
0.09767625
0.01312515
0.22237051
0.00000000
0.00000000
0.00000000
0.00000000
0.00000000
0.00000000
0.00000000
0.00000000
0.00000000
0.00000000
0.00000000
0.00000000
0.00000000
0.00000000
0.00000000
0.00971946
0.00000000
0.22333191
0.00000000
0.00000000
0.00000000
0.00000000
0.00000000
0.00000000
0.00000000
0.00000000
0.00000000
0.00000000
0.00000000
0.00000000
0.00000000
0.00000000
0.00000000
0.00000000
0.00000000
0.23082078
0.04750670
0.39960611
0.14779687
0.00000000
0.00000000
0.00000000
0.00000000
0.00000000
0.00000000
0.00000000
0.00000000
0.00000000
0.00000000
0.00000000
0.00000000
0.00000000
0.00000000
0.25721994
0.12070690
0.34127542
0.54575253
0.00000000
0.00000000
0.00000000
0.00000000
0.00000000
0.00000000
0.00000000
0.00000000
0.00000000
0.00000000
0.00000000
0.00000000
0.00000000
0.00000000
0.26479277
0.28521729
0.30671245
0.15415064
0.12960836
0.25780058
0.00000000
0.00000000
0.00000000
0.00000000
0.00000000
0.00000000
0.00000000
0.00000000
0.00000000
0.00000000
0.00000000
0.00000000
0.25933045
0.22290577
0.33181602
0.28703657
0.14287257
0.15569673
0.35328168
0.38656205
0.20931448
0.09297453
0.14802508
0.10837469
0.06201062
0.05494176
0.00000000
0.00000000
0.04783510
0.00000000
0.24745987
0.22952963
0.34362587
0.32822552
0.28823876
0.17277260
0.05972105
0.18142691
0.20076053
0.18408859
0.15555398
0.11457819
0.00042626
0.00000000
0.00000000
0.00707103
0.06314563
0.00000000
0.25258178
0.22394857
0.36105183
0.34983826
0.31235886
0.22572917
0.14669678
0.08921883
0.06086587
0.02499683
0.00000000
0.00000000
0.00000000
0.04509281
0.07333761
0.07935359
0.05593744
0.00000000
0.20895641
0.17402472
0.32066426
0.33793995
0.30386722
0.24005885
0.18404908
0.13518634
0.13421394
0.16168708
0.10184021
0.06073803
0.08444099
0.08884211
0.09921504
0.08560133
0.00785819
0.00000000
0.19768192
0.10401655
0.31163734
0.30037567
0.28661230
0.29038006
0.22618195
0.16786022
0.16339266
0.16474420
0.14577067
0.13002259
0.12490062
0.12111558
0.11341408
0.07674528
0.00000000
0.00000000
0.06868561
0.00000000
0.00000000
0.00000000
0.02518556
0.03446475
0.06567029
0.06598330
0.06697686
0.03261140
0.01973496
0.00757575
0.00000000
0.00000000
0.00000000
0.00000000
0.00000000
0.00000000
0.65454650
0.17740297
0.73236418
0.80495924
0.68651235
0.60353422
0.63444316
0.73569095
0.57495767
0.46292296
0.40232274
0.65113801
0.50599486
0.40868142
0.45839334
0.51025885
0.53624505
0.01460397
0.00000000
0.00000000
0.61210036
0.44301531
0.59706438
0.87031543
1.00505304
1.10127771
1.24380219
1.01907766
0.94274223
1.05785382
1.09187901
0.62487507
0.31465536
0.29139122
0.26794314
0.00000000
0.00000000
0.00000000
0.32995614
0.51003218
0.47089425
0.94179326
1.07625389
1.43836427
1.51973116
1.40291405
1.17174613
0.95675635
1.12661433
1.02285290
0.40358725
0.00000000
0.00000000
0.00000000
0.00000000
0.00000000
0.92946142
1.52250564
0.98124266
1.40808439
1.55942726
1.52915144
1.83026075
1.96572995
1.64160371
1.52003491
1.19943762
1.01139522
1.04022646
0.21493500
0.00000000
0.00000000
0.00000000
0.00000000
0.00000000
0.51533103
1.95695829
1.03670788
1.39238930
2.05652213
1.44604337
1.96511745
2.05847716
1.92552471
1.86287284
1.02103376
1.12365532
0.92980945
0.00000000
0.00000000
0.00000000
0.00000000
0.21155274
0.54868495
1.59987533
0.77525556
0.69355530
1.31723034
0.26229244
1.26962066
1.00153327
1.09087467
1.56320786
1.63335347
0.73205072
0.99129450
0.18321425
0.00000000
0.00000000
0.00000000
0.36864585
0.82439077
0.38218516
0.79766768
1.28712177
0.83972180
0.70927429
0.96161556
0.80909705
0.51292580
0.51706588
0.81331694
0.57756275
0.57989222
0.19711393
0.00000000
0.00000000
0.00000000
0.00000000
0.35982439
0.66676092
0.79972547
1.02677548
1.19936788
1.29567838
1.24761558
1.07844853
1.11858344
1.10109711
1.15270281
1.31934106
0.56732315
0.00606096
0.00000000
0.00000000
0.00000000
0.00000000
0.00000000
0.26034835
0.68680841
1.15845144
0.97922528
1.40120757
1.37828636
1.33278036
1.38090634
1.32571030
1.13979697
0.83710957
0.08736730
0.00000000
0.00000000
0.00000000
0.00000000
0.00000000
0.00000000
0.00000000
0.00000000
0.47496721
0.43084306
0.79547274
0.98214221
1.03754759
1.00158536
0.68726009
0.36776686
0.01558435
0.00000000
0.00000000
0.00000000
0.00000000
0.00000000
0.00000000
0.00000000
0.00000000
0.00000000
0.00000000
0.00000000
0.06269747
0.14528006
0.17968041
0.18801963
0.03088641
0.00000000
0.00000000
0.00000000
0.00000000
0.00000000
0.00000000
0.00000000
0.00000000
0.00000000
0.00000000
0.00000000
0.00000000
0.00000000
0.00000000
0.00000000
0.00000000
0.00000000
0.00000000
0.00000000
0.00000000
0.00000000
0.00000000
0.00000000
0.00000000
0.00000000
0.00000000
0.00000000
0.00000000
0.00000000
0.00000000
0.00000000
0.00000000
0.00000000
0.00000000
0.00000000
0.00000000
0.00000000
0.00000000
0.00000000
0.00000000
0.00000000
0.00000000
0.00000000
0.00000000
0.00000000
0.00000000
0.00000000
0.00000000
0.00000000
0.00000000
0.00000000
0.00000000
0.00000000
0.00000000
0.00000000
0.00000000
0.00000000
0.00000000
0.26213062
0.00000000
0.00000000
0.00000000
0.00000000
0.00000000
0.00000000
0.00000000
0.00000000
0.00000000
0.00000000
0.00000000
0.00000000
0.00000000
0.00000000
0.00000000
0.00000000
0.00000000
0.00000000
0.00000000
0.00000000
0.00000000
0.00000000
0.00000000
0.00000000
0.03808150
0.00000000
0.00000000
0.11738549
0.11721712
0.07654218
0.09630737
0.04955460
0.00000000
0.00000000
0.00000000
0.00000000
0.00000000
0.00000000
0.00000000
0.00000000
0.02304776
0.00000000
0.00000000
0.00000000
0.00000000
0.00000000
0.00000000
0.00000000
0.00000000
0.15642965
0.10796449
0.00000000
0.00000000
0.00000000
0.00000000
0.00000000
0.14235130
0.00000000
0.00000000
0.00000000
0.04700170
0.12391575
0.00000000
0.00000000
0.00000000
0.00000000
0.00000000
0.00000000
0.15338454
0.17475542
0.00000000
0.00000000
0.00000000
0.00000000
0.21223624
0.71225429
0.25423458
0.85574484
0.89139515
0.53006971
0.69964445
0.57812214
0.44578564
0.24713300
0.00000000
0.07905985
0.00000000
0.21428117
0.02882133
0.00000000
0.00000000
0.00000000
0.10648043
0.21254672
0.22812238
0.36033028
0.29253834
0.38814688
0.59330195
0.47328359
0.51673043
0.68544030
0.54517013
0.38361356
0.09482994
0.25932646
0.25721222
0.00000000
0.00000000
0.00000000
0.00000000
0.00000000
0.00000000
0.01950763
0.00000000
0.05407645
0.12069052
0.00365230
0.10315165
0.21217614
0.27609867
0.33401737
0.34776849
0.46156269
0.16019885
0.00000000
0.00000000
0.00000000
0.00000000
0.00000000
0.00000000
0.00000000
0.00000000
0.00000000
0.00000000
0.00000000
0.00000000
0.00000000
0.00158229
0.11930082
0.20951939
0.19133803
0.00000000
0.00000000
0.00000000
0.00000000
0.00000000
0.00000000
0.00000000
0.07695574
0.00000000
0.00000000
0.00000000
0.00000000
0.00000000
0.00000000
0.13790806
0.22399238
0.19245233
0.01342040
0.00000000
0.00000000
0.00000000
0.00000000
0.00000000
0.00000000
0.00000000
0.00000000
0.00000000
0.03462331
0.05415641
0.16326857
0.16309309
0.18890256
0.15856661
0.06187673
0.00000000
0.00000000
0.00000000
0.00000000
0.00000000
0.00000000
0.00000000
0.00000000
0.00000000
0.00000000
0.00000000
0.00000000
0.00000000
0.00000000
0.00000000
0.00000000
0.00000000
0.00000000
0.00000000
0.00000000
0.00000000
0.00000000
0.00000000
0.00000000
0.00000000
0.00000000
0.00000000
0.00000000
0.00000000
0.00000000
0.00000000
0.00000000
0.00000000
0.00000000
0.00000000
0.00000000
0.00000000
0.00000000
0.00000000
0.00000000
0.00000000
0.00000000
0.00000000
0.00000000
0.00000000
0.00000000
0.00000000
0.00000000
0.00000000
0.00000000
0.00000000
0.00000000
0.00000000
0.00000000
0.00000000
0.00000000
0.00000000
0.00000000
0.00000000
0.00000000
0.00000000
0.00000000
0.00000000
0.00000000
0.00000000
0.00000000
0.00000000
0.00000000
0.00000000
0.00000000
0.00000000
0.00000000
0.00000000
0.00000000
0.05364433
0.00000000
0.01095554
0.00000000
0.22266220
0.07987040
0.05844477
0.09269327
0.11266038
0.10501119
0.18375507
0.24175903
0.24481155
0.21248940
0.19668582
0.21205920
0.21069008
0.22910665
0.21660581
0.00000000
0.00000000
0.00000000
0.12323588
0.02500647
0.12312865
0.51814419
0.68881124
0.89012492
0.90079230
0.89466214
0.88950109
0.85992992
0.77939469
0.54862416
0.33199397
0.27202386
0.26918200
0.00000000
0.00000000
0.00000000
0.00000000
0.00000000
0.45179108
0.86828965
1.13395381
1.37440848
1.41337609
1.33871233
1.44682217
1.48823237
1.15265322
0.73084307
0.30316716
0.02603668
0.00000000
0.00000000
0.00000000
0.00000000
0.72841680
0.70059693
1.23995376
1.44086289
1.40727663
1.46375203
1.40667558
1.34433377
1.61179376
1.75064754
1.63720131
1.29797649
0.77439725
0.28053850
0.00711799
0.00000000
0.00000000
0.26600778
1.47963071
1.82483935
1.28202987
1.02993679
0.90675807
0.85056722
0.94173855
1.18872690
1.10362220
1.26379180
1.36107302
1.39372694
1.20808363
0.58252150
0.18730924
0.00000000
0.00000000
0.00000000
1.24187565
1.50808048
1.09480238
0.63739794
0.92658198
0.79669636
1.08755183
1.11311901
1.09991693
1.16232741
1.13725662
1.41901565
1.39985824
1.10738707
0.26035118
0.00000000
0.00000000
0.00000000
0.10335827
0.35155064
0.48037958
0.84900105
1.13322973
1.02943909
1.21314156
1.00417626
1.06962681
1.21038902
1.43151975
1.56023312
1.61943746
1.27403498
0.26504517
0.00000000
0.00000000
0.00000000
0.00000000
0.00000000
0.24828021
0.54872745
0.78746152
1.11332357
1.20571399
1.32687783
1.44920254
1.52745605
1.55753493
1.47762036
1.09113145
0.51713490
0.04181126
0.00000000
0.00000000
0.00000000
0.00000000
0.00000000
0.09974614
0.28459907
0.49736053
0.77518582
0.88545775
0.93765014
1.03285527
1.09015417
1.13801455
0.90893877
0.49157360
0.15527809
0.00000000
0.00000000
0.00000000
0.00000000
0.00000000
0.00000000
0.00000000
0.06291461
0.38790870
0.42281041
0.55062079
0.67107576
0.74016255
0.81571275
0.69567949
0.34220684
0.06707516
0.00000000
0.00000000
0.00000000
0.00000000
0.00000000
0.00000000
0.00000000
0.00000000
0.00000000
0.00000000
0.07038385
0.17944297
0.23220950
0.28869271
0.27565032
0.10392052
0.00153986
0.00000000
0.00000000
0.00000000
0.00000000
0.00000000
0.00000000
0.00000000
0.00000000
0.00000000
0.00000000
0.00000000
0.00000000
0.00000000
0.00000000
0.00000000
0.00000000
0.00000000
0.00000000
0.00000000
0.00000000
0.00000000
0.00000000
0.00000000
0.00000000
0.00000000
0.00000000
0.00000000
0.00000000
0.00000000
0.00000000
0.00000000
0.00000000
0.00000000
0.00000000
0.00000000
0.00000000
0.00000000
0.00000000
0.04780322
0.00000000
0.00000000
0.00000000
0.00000000
0.00000000
0.00000000
0.00000000
0.00000000
0.00000000
0.00000000
0.00000000
0.00000000
0.00000000
0.00000000
0.00000000
0.00000000
0.02147093
0.27052313
0.00000000
0.14158896
0.00000000
0.14976728
0.10086611
0.09140562
0.09951022
0.06176917
0.00000000
0.07331605
0.20578337
0.26790342
0.15726021
0.18155375
0.22623903
0.26229662
0.22482204
0.24726266
0.99514091
0.43993255
0.23324665
0.16693276
0.32682082
0.18784997
0.00000000
0.00000000
0.00000000
0.00000000
0.00000000
0.00000000
0.00000000
0.00000000
0.08010463
0.23373336
0.25816229
0.30001402
1.50174832
0.47013557
0.25048801
0.14904740
0.00000000
0.00000000
0.00000000
0.00000000
0.00000000
0.00000000
0.00000000
0.00000000
0.00000000
0.00000000
0.00000000
0.17043421
0.48978248
0.47750717
1.79065275
0.49693671
0.21818909
0.00000000
0.00000000
0.00000000
0.00000000
0.00000000
0.00000000
0.00000000
0.00000000
0.00000000
0.00000000
0.00000000
0.00000000
0.00000000
0.35054159
0.44022235
1.74818587
0.32727683
0.68020236
0.09641275
0.00000000
0.00000000
0.00000000
0.00000000
0.00000000
0.00000000
0.00000000
0.00000000
0.00000000
0.00000000
0.00000000
0.00000000
0.00000000
0.46100593
1.71544564
0.31063032
0.43890044
0.59319764
0.00000000
0.00000000
0.00000000
0.00000000
0.00000000
0.00000000
0.00000000
0.00000000
0.00000000
0.00000000
0.00000000
0.00000000
0.00000000
0.30269799
1.77857423
0.39901552
0.42165405
0.37098545
0.00000000
0.00000000
0.00000000
0.00000000
0.00000000
0.00000000
0.00000000
0.00000000
0.00000000
0.00000000
0.00000000
0.00000000
0.00000000
0.25439972
1.82792306
0.40838495
0.46267304
0.38533914
0.10640864
0.00000000
0.00000000
0.00000000
0.00000000
0.00000000
0.00000000
0.00000000
0.00000000
0.00000000
0.00000000
0.00000000
0.14474252
0.39933312
1.71781194
0.43087447
0.48273334
0.49557909
0.39039770
0.24261326
0.00000000
0.00000000
0.00000000
0.00000000
0.00000000
0.00000000
0.00000000
0.00000000
0.00000000
0.08340615
0.38728309
0.42186844
1.66452694
0.45902956
0.50581956
0.50356942
0.47018287
0.41546381
0.27869874
0.08545942
0.15192296
0.10117825
0.00000000
0.00000000
0.00000000
0.06163502
0.23294246
0.39805344
0.47881553
0.45840481
1.66350114
0.52384740
0.39861682
0.49277216
0.44852978
0.45465747
0.36995077
0.35137346
0.36472815
0.31858352
0.25574839
0.23726892
0.24554318
0.34324279
0.42052609
0.48638836
0.46314737
0.43067080
1.71050191
0.52992857
0.34095001
0.51480639
0.47226948
0.48521906
0.40509880
0.38081977
0.40751439
0.41557822
0.42390910
0.43001297
0.43357518
0.43976480
0.46097779
0.48110792
0.46041426
0.44419745
1.81492770
0.56634599
0.35600200
0.49850520
0.53310370
0.44734874
0.39447400
0.41577047
0.44311512
0.42996576
0.42827871
0.44217017
0.45298427
0.46449733
0.48245049
0.46225116
0.43945318
0.51328725
2.19747305
0.69149822
0.61405224
0.69660068
0.60258949
0.51778048
0.47459072
0.47735506
0.47965017
0.47710878
0.48122936
0.51274651
0.51155800
0.51168841
0.51719284
0.51206475
0.47516736
0.86865711
2.16026878
0.00000000
0.00000000
0.00000000
0.00000000
0.00000000
0.00000000
0.00000000
0.00000000
0.00000000
0.00000000
0.00000000
0.00000000
0.00000000
0.00000000
0.00000000
0.00000000
0.00000000
0.00000000
0.00000000
0.00000000
0.00000000
0.00000000
0.00000000
0.13709211
0.16452926
0.32057437
0.47009066
0.54125619
0.48866862
0.32169792
0.27064985
0.12901884
0.00000000
0.00000000
0.00000000
0.00000000
0.00000000
0.00000000
0.00000000
0.04259121
0.25765482
0.47283259
0.65014541
0.78397882
0.76877731
0.82371056
0.95026618
0.60710967
0.56784624
0.43974516
0.18862456
0.00000000
0.00000000
0.00000000
0.00000000
0.00000000
0.10990870
0.50343251
0.65449643
0.81922668
1.08057237
1.12435722
1.14178324
1.02625322
1.17762816
0.79808819
0.54146630
0.52754211
0.60227525
0.11835408
0.00000000
0.00000000
0.00000000
0.00000000
0.14175767
0.52085102
0.74556977
0.32721180
1.42625928
0.75012982
1.14078414
0.98600757
1.29562688
1.16298616
1.30772650
0.79266512
0.60911971
0.42023695
0.00000000
0.00000000
0.00000000
0.00000000
0.77678370
0.64387798
0.49620378
0.70144022
0.99569958
0.16084522
0.94606429
0.43217614
0.70765567
0.68134350
0.84785450
0.94978273
0.60078835
0.55226278
0.16494715
0.00000000
0.00000000
0.00000000
0.15267175
1.05007112
1.29708934
1.23405778
0.87754655
1.03165889
0.90003723
0.74936777
0.88263440
0.78994399
0.68967813
0.45191318
0.90558469
0.70982844
0.03577477
0.00000000
0.00000000
0.00000000
0.00000000
0.02703702
0.80218303
1.42913783
1.35219646
1.45564127
1.23658764
1.12188053
1.09610486
1.05967236
1.09066236
1.00291610
0.99817443
0.64450967
0.00934148
0.00000000
0.00000000
0.00000000
0.00000000
0.00000000
0.23040462
0.70879513
1.19471323
1.22038460
1.20925450
1.32521462
1.44425106
1.30674839
1.29848480
0.95467937
0.55750269
0.12672096
0.00000000
0.00000000
0.00000000
0.00000000
0.00000000
0.00000000
0.00000000
0.02809435
0.22743767
0.55488700
0.81679630
0.88607764
0.95094538
0.85983539
0.55691612
0.34512150
0.00000000
0.00000000
0.00000000
0.00000000
0.00000000
0.00000000
0.00000000
0.00000000
0.00000000
0.00000000
0.00000000
0.00000000
0.00000000
0.00000000
0.00000000
0.00000000
0.00000000
0.00000000
0.00000000
0.00000000
0.00000000
0.00000000
0.00000000
0.00000000
0.00000000
0.00000000
0.00000000
0.00000000
0.00000000
0.00000000
0.00000000
0.00000000
0.00000000
0.00000000
0.00000000
0.00000000
0.00000000
0.00000000
0.00000000
0.00000000
0.00000000
0.00000000
0.00000000
0.00000000
0.00000000
0.00000000
0.00000000
0.00000000
0.00000000
0.00000000
0.00000000
0.00000000
0.00000000
0.00000000
0.00000000
0.00000000
0.00000000
0.00000000
0.00000000
0.00000000
0.00000000
0.00000000
0.00000000
0.00000000
0.00000000
0.00000000
0.00000000
0.00000000
0.00000000
0.00000000
0.00000000
0.00000000
0.00000000
0.00000000
0.00000000
0.00000000
0.00000000
0.00000000
0.00000000
0.00000000
0.00000000
0.00000000
0.00000000
0.00000000
0.00000000
0.00000000
0.00000000
0.00000000
0.00000000
0.00000000
0.00000000
0.00000000
0.00000000
0.00000000
0.00000000
0.00000000
0.00000000
0.00000000
0.00000000
0.07292252
0.03564012
0.09608240
0.16944027
0.24337259
0.25202680
0.10276373
0.13921046
0.12991750
0.00000000
0.00000000
0.00000000
0.00000000
0.00000000
0.00000000
0.00000000
0.00000000
0.12419354
0.25774476
0.53003895
0.49513334
0.36266541
0.51169389
0.56531274
0.33080369
0.12252522
0.09556419
0.21574861
0.06011802
0.01656557
0.00000000
0.00000000
0.00000000
0.00275778
0.14405376
0.07928609
0.00000000
0.00000000
0.00000000
0.00000000
0.00000000
0.00000000
0.00000000
0.16835549
0.04568012
0.00000000
0.16573060
0.06792778
0.00000000
0.00000000
0.14038813
0.15411955
0.00000000
0.00000000
0.00000000
0.00000000
0.00000000
0.00000000
0.00000000
0.00000000
0.00000000
0.00000000
0.00000000
0.00000000
0.07365091
0.21011581
0.00000000
0.00000000
0.02155754
0.37568426
0.24240616
0.46235031
0.41511208
0.63517612
0.49722314
0.03902585
0.16620973
0.00000000
0.00000000
0.00000000
0.00000000
0.00000000
0.00000000
0.11163746
0.00000000
0.00000000
0.00000000
0.09728503
0.00000000
0.00000000
0.00000000
0.36070120
0.40739852
0.65789789
0.62122786
0.40054810
0.44082212
0.62788230
0.50282574
0.17124504
0.00000000
0.13975710
0.00000000
0.00000000
0.00000000
0.00000000
0.00000000
0.00000000
0.00000000
0.00000000
0.00000000
0.00000000
0.00000000
0.07427319
0.18156204
0.16468173
0.00000000
0.00000000
0.00000000
0.03333726
0.00000000
0.00000000
0.00000000
0.00000000
0.00000000
0.00000000
0.00000000
0.00000000
0.00000000
0.00000000
0.00000000
0.00000000
0.00000000
0.00000000
0.00000000
0.00000000
0.00000000
0.04506288
0.00000000
0.00000000
0.00000000
0.00000000
0.00000000
0.00000000
0.00702140
0.03355042
0.01387145
0.00000000
0.00000000
0.00000000
0.00000000
0.00000000
0.00000000
0.00000000
0.07721987
0.03318515
0.00000000
0.00000000
0.00000000
0.00000000
0.00000000
0.00000000
0.00000000
0.01100432
0.06911991
0.08821125
0.08006518
0.06391667
0.03669339
0.08152843
0.06474519
0.04097360
0.05221403
0.04020055
0.00000000
0.00000000
0.00000000
0.00000000
0.00000000
0.00000000
0.00000000
0.00000000
0.00000000
0.00000000
0.00000000
0.01571048
0.05608630
0.04264822
0.02728044
0.02663549
0.03507937
0.05670893
0.00000000
0.00000000
0.00000000
0.00000000
0.00000000
0.00000000
0.00000000
0.00000000
0.00000000
0.00000000
0.00000000
0.00000000
0.00467800
0.01260443
0.02985009
0.02383531
0.01762455
0.08249138
0.00000000
0.00000000
0.00000000
0.00000000
0.00000000
0.00000000
0.00000000
0.00000000
0.00000000
0.00000000
0.00000000
0.00000000
0.00000000
0.00000000
0.00000000
0.00000000
0.00000000
0.00000000
0.00000000
0.19492239
0.00000000
0.00000000
0.00000000
0.00000000
0.00000000
0.00000000
0.00000000
0.00000000
0.00000000
0.00000000
0.00000000
0.00000000
0.00000000
0.00000000
0.00000000
0.00000000
0.00000000
0.34213442
0.68860793
0.63645846
0.56813008
0.53439867
0.42436799
0.42958555
0.31614232
0.22396916
0.35635924
0.59766197
0.64817852
0.55333769
0.51834536
0.54814380
0.55945742
0.52465963
0.57747507
0.51746625
1.05184019
0.77997512
0.63758492
0.35017645
0.11481857
0.00000000
0.00000000
0.00000000
0.00000000
0.00000000
0.23347747
0.43086553
0.74959260
0.88391119
0.90111113
0.87885886
0.77244079
0.56448185
1.13717902
0.81842017
0.00000000
0.00000000
0.00000000
0.10603631
0.29723179
0.27724040
0.15729767
0.00000000
0.15622824
0.20741761
0.45646432
0.58474302
0.87427139
0.92632616
0.74303788
0.51343006
0.84893012
1.09051776
1.00480282
0.94648868
1.86675143
1.28512716
1.39140785
1.33080256
1.50571632
1.00713980
0.74677813
0.41762522
0.50792265
0.56436276
0.89817679
0.91782069
0.77638298
0.45197570
0.88596034
0.49339873
1.20679450
0.59384084
1.21326780
0.62048924
1.08855569
0.63145292
1.28266883
1.10268009
1.56486094
1.49315000
1.26053095
0.90554541
0.96814519
0.93824935
0.76963210
0.49799520
1.06049550
0.77510136
1.08222306
0.68866479
0.40455675
0.18306035
0.48800880
0.23127818
0.78346384
0.67917126
0.89906174
0.84653527
1.13275206
1.09856153
1.16667175
1.08386505
0.72564626
0.60964000
0.98478270
0.84802383
1.06306255
1.04231739
0.78701705
0.68878776
0.56935310
0.49606904
0.37378669
0.40058115
0.43263885
0.49811214
0.73474371
0.88795173
1.08889735
0.99272853
0.72935498
0.76598769
0.95325035
0.84190333
0.80846119
0.83255726
1.14844310
0.99942088
1.00937355
0.85486609
0.84039342
0.79166090
0.92662793
1.00747323
1.31485236
1.26070523
0.99643058
0.91649592
0.79394579
0.76957929
0.92551625
0.82600462
0.82019150
0.82229584
0.91447771
1.06136799
1.37611496
1.25577497
1.36408353
1.28235495
1.25109744
1.34505820
1.20501232
0.92959386
0.90973455
0.86190253
0.82160228
0.72920108
0.98967457
0.86218816
0.86758167
0.86076158
0.96957672
1.01121581
0.97472906
0.92933404
0.97392923
0.97249049
0.98867863
1.00277424
0.88771397
0.85861278
0.88059270
0.89247334
0.82431465
0.71763122
1.02847981
0.88596666
0.87835217
0.86124128
0.90649134
0.93991488
0.96192276
0.95364988
0.92742223
0.95336747
0.89964950
0.87950355
0.87796009
0.86576867
0.88314694
0.92021590
0.78766978
0.73218441
0.91787034
0.81874657
0.79187357
0.85771298
0.88534415
0.92139924
0.93603915
0.94924408
0.89128250
0.90834737
0.89024639
0.85390162
0.84516567
0.89232111
0.91503370
0.90608877
0.68399072
0.73261046
0.42217210
0.33730686
0.38475221
0.49212962
0.55846798
0.64400768
0.66950947
0.66236567
0.62854612
0.61733216
0.55859590
0.49096102
0.50564873
0.53884345
0.49247053
0.36187276
0.36181960
0.67726064
0.68302065
0.24383336
0.03374040
0.12382208
0.16012985
0.21974242
0.29446730
0.28861302
0.32000422
0.45195252
0.43483102
0.48821270
0.60612476
0.55799788
0.51270449
0.44083458
0.93354690
0.42088187
0.00000000
0.00000000
0.00000000
0.00000000
0.00000000
0.00000000
0.00000000
0.00000000
0.00000000
0.00000000
0.00000000
0.00000000
0.00000000
0.00000000
0.00000000
0.00000000
0.07275318
0.66304803
0.37822983
0.16580033
0.07044227
0.07545930
0.00000000
0.00000000
0.00000000
0.00000000
0.00000000
0.00000000
0.00000000
0.00000000
0.00000000
0.00000000
0.00000000
0.00000000
0.16740219
0.59022713
0.37983108
0.00000000
0.00000000
0.00000000
0.00000000
0.00000000
0.00000000
0.00000000
0.00000000
0.00000000
0.00000000
0.00000000
0.00000000
0.00000000
0.00000000
0.00000000
0.07811929
0.62008858
0.92579335
0.49868903
0.00000000
0.00000000
0.00000000
0.00000000
0.00000000
0.00000000
0.00000000
0.00000000
0.00000000
0.00000000
0.00000000
0.00000000
0.00000000
0.00000000
0.05648975
0.63856697
0.45709324
0.40374851
0.00000000
0.00000000
0.00000000
0.00000000
0.00000000
0.00000000
0.00000000
0.00000000
0.00000000
0.00000000
0.00000000
0.00000000
0.00000000
0.00000000
0.03232296
0.69824398
0.26206157
0.14667803
0.00000000
0.00000000
0.00000000
0.00000000
0.00000000
0.00000000
0.00000000
0.00000000
0.00000000
0.01429641
0.00000000
0.00000000
0.00000000
0.00000000
0.07171758
0.67595857
0.23019272
0.06800225
0.08757223
0.12662913
0.19658709
0.00000000
0.00000000
0.00000000
0.00000000
0.00000000
0.00000000
0.00000000
0.00000000
0.00000000
0.00000000
0.00000000
0.00578821
0.60972136
0.20751771
0.04173522
0.10122079
0.12864579
0.00000000
0.00000000
0.00000000
0.00000000
0.00000000
0.00000000
0.00000000
0.00000000
0.00000000
0.00000000
0.00000000
0.00000000
0.01561794
0.58672512
0.20452647
0.01791191
0.01845346
0.11213797
0.16889238
0.07418786
0.03752051
0.02328400
0.00000000
0.00000000
0.00000000
0.00000000
0.00000000
0.00000000
0.00000000
0.00000000
0.01050481
0.62544107
0.19563980
0.00000000
0.03212687
0.10137849
0.13524391
0.00000000
0.00000000
0.00000000
0.00000000
0.00000000
0.00000000
0.00000000
0.00000000
0.00000000
0.00000000
0.00000000
0.00000000
0.62549734
0.25188807
0.01488633
0.05842395
0.11172432
0.10293721
0.00000000
0.00000000
0.00000000
0.00000000
0.00000000
0.00000000
0.00000000
0.00000000
0.00000000
0.00000000
0.00000000
0.00000000
0.54260898
0.21532187
0.00000000
0.10041742
0.14616433
0.10335307
0.03193189
0.00000000
0.00000000
0.00000000
0.00000000
0.00000000
0.00000000
0.00000000
0.00000000
0.00000000
0.00000000
0.00000000
0.84356815
1.30112708
1.07979882
1.18218899
1.23158979
1.23686719
1.18755007
1.07945025
0.95756620
0.87950754
0.87638175
0.80980974
0.73779124
0.67910993
0.59968156
0.48433781
0.43661374
1.70576441
0.28187719
0.00000000
0.00000000
0.00000000
0.00000000
0.00000000
0.00000000
0.00000000
0.00000000
0.00000000
0.00000000
0.03731883
0.00000000
0.00000000
0.00000000
0.00000000
0.00000000
0.00000000
0.00000000
0.00000000
0.19233987
0.15742570
0.29435557
0.69120085
1.04054213
1.27672815
1.39436054
1.25370646
1.08771586
1.07054734
1.02360153
0.52980238
0.29686645
0.26207200
0.23319519
0.00000000
0.00000000
0.00000000
0.10159767
0.38549280
0.91125929
1.53665137
1.66937292
1.70757413
1.75257134
1.93620956
1.81625140
1.54980755
1.51707649
1.36968088
0.64806122
0.04673153
0.02454633
0.00000000
0.00000000
0.03419262
0.97952878
1.53906989
1.51035571
1.76501644
1.71633172
1.72063887
1.87092328
2.10748672
1.88780797
1.70666063
1.53863502
1.65232110
1.48513579
0.66754103
0.14485794
0.00000000
0.00000000
0.00000000
0.87730742
1.59859776
2.17128754
1.76591849
1.54917693
1.77478087
1.33572173
1.52365172
1.68611109
1.53417659
1.65785789
1.63738966
1.80192733
1.35065055
0.40578210
0.00000000
0.00000000
0.00000000
0.37878916
0.87243509
1.42280746
1.68568897
1.53227401
1.09848380
0.87779522
1.18049979
0.94566858
1.21693397
1.34823537
1.54529309
1.46415591
1.80855656
0.76905543
0.00000000
0.00000000
0.00000000
0.38012552
0.72187871
0.87186623
1.47623241
1.64962077
1.51389003
1.52901173
1.44258142
1.17324436
1.07423842
0.99300969
1.12356424
1.11964178
1.29850185
0.81793380
0.00000000
0.00000000
0.00000000
0.00000000
0.18982029
0.82622325
0.98117590
1.01444435
1.28554749
1.23873568
1.31444097
1.32635999
1.38205671
1.30401790
1.29897332
1.23185897
1.05704081
0.48554331
0.00000000
0.00000000
0.00000000
0.00000000
0.00000000
0.25764909
0.78043085
1.04379678
0.96259522
1.00768173
1.05709636
1.02116704
1.08243012
1.12533987
1.09891629
1.08815455
0.60975099
0.20278668
0.00000000
0.00000000
0.00000000
0.00000000
0.00000000
0.00000000
0.00000000
0.30936673
0.51142216
0.67015761
0.84583628
0.88168705
0.87954932
0.84915698
0.73308605
0.33279851
0.19172561
0.06532252
0.00000000
0.00000000
0.00000000
0.00000000
0.00000000
0.00000000
0.00000000
0.00000000
0.02557230
0.14928722
0.23086932
0.30171439
0.38904330
0.39950612
0.22272927
0.09708154
0.09732145
0.06354618
0.00000000
0.00000000
0.00000000
0.00000000
0.00000000
0.00000000
0.00000000
0.00000000
0.00000000
0.00000000
0.00000000
0.07485771
0.13820875
0.11354774
0.07220221
0.06988841
0.06655395
0.08379853
0.00000000
0.00000000
0.00000000
0.00000000
0.00000000
0.00000000
0.00000000
0.00000000
0.00000000
0.00000000
0.00000000
0.00000000
0.03719771
0.05539030
0.04737169
0.04241800
0.04022342
0.17165887
0.00000000
0.00000000
0.00000000
0.00000000
0.00000000
0.00000000
0.00000000
0.00000000
0.00000000
0.00000000
0.00000000
0.00000000
0.00000000
0.00000000
0.00000000
0.00000000
0.00000000
0.01785666
0.00000000
0.00000000
0.03825600
0.00000000
0.08506748
0.09721908
0.10672130
0.07574497
0.04675078
0.00000000
0.00000000
0.00000000
0.00000000
0.00000000
0.00000000
0.00000000
0.00000000
0.00000000
0.00000000
0.00000000
0.00000000
0.00000000
0.00000000
0.00000000
0.00000000
0.34863544
0.77844989
0.82517254
0.46768355
0.19273959
0.29451767
0.02903636
0.00000000
0.00000000
0.00000000
0.00000000
0.00000000
0.00000000
0.00000000
0.00000000
0.09301125
0.85415632
1.48996866
1.77314460
1.77970493
1.94879711
1.92648399
1.80936205
1.47730792
1.38509417
0.61925501
0.00000000
0.00000000
0.00000000
0.00000000
0.00000000
0.14515246
0.62198979
1.90078330
1.60706317
1.78596866
1.95738411
1.87263191
1.88008821
2.01762342
1.91727579
1.61318111
1.31781852
1.51969671
1.01072073
0.00000000
0.00000000
0.00000000
0.00000000
0.00000000
0.60618258
1.12213886
1.78830838
1.11431563
1.49888182
1.33441401
1.53396618
1.16384983
1.37795496
1.43139017
1.56147134
1.51145339
1.51526880
0.44399661
0.00000000
0.00000000
0.00000000
0.00000000
0.02261047
0.27599835
1.07418358
1.01400423
0.90348577
0.62977129
0.49063909
0.28221387
0.47860932
0.49176621
0.92207813
1.09726667
1.26835155
1.08508623
0.00000000
0.00000000
0.00000000
0.00000000
0.00000000
0.47006500
0.94977319
1.17282355
1.45713401
1.40473604
1.08496356
0.87458742
0.70588601
0.44726595
0.25389564
0.40409595
0.64882457
0.54735512
0.00000000
0.00000000
0.00000000
0.00000000
0.00000000
0.00000000
0.82570624
1.17580330
1.14607656
1.14173734
1.16789210
1.09756494
0.96040392
0.93558854
0.87923110
0.67094773
0.72525513
0.08241887
0.00000000
0.00000000
0.00000000
0.00000000
0.00000000
0.00000000
0.00000000
0.34271342
0.86913186
0.80388474
1.01042092
1.08829057
0.99653542
0.98016131
0.81520164
0.56277812
0.21896523
0.00000000
0.00000000
0.00000000
0.00000000
0.00000000
0.00000000
0.00000000
0.00000000
0.00000000
0.00000000
0.00000000
0.26797709
0.43692219
0.48020691
0.37366796
0.11303732
0.00000000
0.00000000
0.00000000
0.00000000
0.00000000
0.00000000
0.00000000
0.00000000
0.00000000
0.00000000
0.00000000
0.00000000
0.00000000
0.00000000
0.00000000
0.00000000
0.00000000
0.00000000
0.00000000
0.00000000
0.00000000
0.00000000
0.00000000
0.00000000
0.00000000
0.00000000
0.00000000
0.00000000
0.00000000
0.00000000
0.00000000
0.00000000
0.00000000
0.00000000
0.00000000
0.00000000
0.00000000
0.00000000
0.00000000
0.00000000
0.00000000
0.00000000
0.00000000
0.00000000
0.00000000
0.00000000
0.00000000
0.00000000
0.00000000
0.00000000
0.00000000
0.00000000
0.00000000
0.00000000
0.00000000
0.00000000
0.00000000
0.00000000
0.00000000
0.00000000
0.00000000
0.00000000
0.00000000
0.00000000
0.00000000
0.00000000
0.00000000
0.00000000
0.00000000
0.00000000
0.00000000
0.00000000
0.00000000
0.00000000
0.00000000
0.00000000
0.00000000
0.00000000
0.00000000
0.00000000
0.00000000
0.00000000
0.00000000
0.00000000
0.00000000
0.00000000
0.00000000
0.00000000
0.00000000
0.00000000
0.00000000
0.00000000
0.00000000
0.00000000
0.00000000
0.46311459
0.14177236
0.14889103
0.28482819
0.57320547
0.98419940
0.95263934
0.78878927
0.53413087
0.53774565
0.51696593
0.47780648
0.34214133
0.15025696
0.00000000
0.00000000
0.00000000
0.00000000
0.36675322
0.11666742
0.37242523
0.90607226
1.27578747
0.53251016
0.28444257
0.00000000
0.00000000
0.00000000
0.05410597
0.00000000
0.00000000
0.07898828
0.09611109
0.00000000
0.00000000
0.00000000
0.38023198
0.38003087
0.45090207
0.97914255
0.42081407
0.00000000
0.00000000
0.04594541
0.00000000
0.00000000
0.00000000
0.00000000
0.00000000
0.00000000
0.00000000
0.10322613
0.00000000
0.00000000
0.27749276
0.34059691
0.52610093
0.00819424
0.17382696
0.45067710
1.00552917
0.72045630
0.91532958
0.50878400
0.56525296
0.24907206
0.01091316
0.00000000
0.00000000
0.00000000
0.00000000
0.00000000
0.20359305
0.00000000
0.00000000
0.04253295
0.54356265
0.67455655
1.02906764
0.69855261
1.12748671
0.29434979
0.63082993
0.49245951
0.49999642
0.32065600
0.00000000
0.00000000
0.00000000
0.00000000
0.20489961
0.00000000
0.11432448
0.13170624
0.11078319
0.05140963
0.00000000
0.21716192
0.32149175
0.11421669
0.19965035
0.28020328
0.35985410
0.15697148
0.00000000
0.00000000
0.00000000
0.00000000
0.14834374
0.00000000
0.00000000
0.49601105
0.76591408
0.34816092
0.00000000
0.00000000
0.00000000
0.00000000
0.00000000
0.00000000
0.00000000
0.00000000
0.00000000
0.00000000
0.00000000
0.00000000
0.10647622
0.08670440
0.01789269
0.11248451
0.30649462
0.47860977
0.17705140
0.00000000
0.00000000
0.00000000
0.00000000
0.00000000
0.00000000
0.00000000
0.00000000
0.03007084
0.00000000
0.00000000
0.03343123
0.10653740
0.07892355
0.06390160
0.08871511
0.13535571
0.14937246
0.29871133
0.30133235
0.18591180
0.15792570
0.01438552
0.00000000
0.01496953
0.00000000
0.00000000
0.00000000
0.00000000
0.05635029
0.12166363
0.09812769
0.02216390
0.07071826
0.00000000
0.00000000
0.00000000
0.00000000
0.00000000
0.00000000
0.00000000
0.00000000
0.00000000
0.00000000
0.00000000
0.00000000
0.00000000
0.05337057
0.16393512
0.02417973
0.02287847
0.00000000
0.00000000
0.00000000
0.00000000
0.00000000
0.00000000
0.00000000
0.00000000
0.00000000
0.00000000
0.00000000
0.00000000
0.00000000
0.00000000
0.07392755
0.22996432
0.02913168
0.05613199
0.00000000
0.00000000
0.00000000
0.00000000
0.00000000
0.00000000
0.00000000
0.00000000
0.00000000
0.00000000
0.00000000
0.00000000
0.00000000
0.00000000
0.00000000
0.07518548
0.00000000
0.00000000
0.00000000
0.00000000
0.00000000
0.00000000
0.00000000
0.00000000
0.00000000
0.00000000
0.00000000
0.00000000
0.00000000
0.00000000
0.00000000
0.00000000
0.05779466
0.42337984
0.37923953
0.49488175
0.50252497
0.48407671
0.43839347
0.47751522
0.58963495
0.49088860
0.36745846
0.34527394
0.37467852
0.32003149
0.30544272
0.32282481
0.33383471
0.00000000
0.00000000
0.00000000
0.00000000
0.00000000
0.00000000
0.00000000
0.02164668
0.00000000
0.04431704
0.05854154
0.05158681
0.00081748
0.00000000
0.00000000
0.00000000
0.00000000
0.00000000
0.00000000
0.00000000
0.00000000
0.00000000
0.00000000
0.22925586
0.27827483
0.25923139
0.57485616
0.67974865
0.54027390
0.47615954
0.29340672
0.11988136
0.00359520
0.00000000
0.00000000
0.00000000
0.00000000
0.00000000
0.00000000
0.16768529
0.48019022
0.41055325
0.42993015
0.51389587
0.30672270
0.34926379
0.36581519
0.22586772
0.38618752
0.32507539
0.26732540
0.00000000
0.00000000
0.00000000
0.00000000
0.00000000
0.00000000
0.00000000
0.00000000
0.00000000
0.21406366
0.23134606
0.29121110
0.58851051
0.32012466
0.41572323
0.34800571
0.42146748
0.19680980
0.00000000
0.00000000
0.00000000
0.00000000
0.00000000
0.00000000
0.00000000
0.02560753
0.06632465
0.35142711
0.35572946
0.36548102
0.02533373
0.02836823
0.00000000
0.03868163
0.12276575
0.09390733
0.00000000
0.00000000
0.00000000
0.00000000
0.00000000
0.00000000
0.00000000
0.30533150
0.28380150
0.15615165
0.05099350
0.31078988
0.00000000
0.28813663
0.15025692
0.10144052
0.00000000
0.00000000
0.00000000
0.00000000
0.00000000
0.00000000
0.00000000
0.00000000
0.00000000
0.00000000
0.00000000
0.38318035
0.46625248
0.28340653
0.15950124
0.06907320
0.00000000
0.00000000
0.00000000
0.00000000
0.00000000
0.00000000
0.00000000
0.00000000
0.00000000
0.00000000
0.00000000
0.00000000
0.00000000
0.00000000
0.22106624
0.17987287
0.16331632
0.22405636
0.18208149
0.09370792
0.00000000
0.00000000
0.00000000
0.00000000
0.00000000
0.00000000
0.00000000
0.00000000
0.00000000
0.00000000
0.00000000
0.00000000
0.00000000
0.00000000
0.17039694
0.24046007
0.22290102
0.13120048
0.00000000
0.00000000
0.00000000
0.00000000
0.00000000
0.00000000
0.00000000
0.00000000
0.00000000
0.00000000
0.00000000
0.00000000
0.00000000
0.00000000
0.00000000
0.00000000
0.00000000
0.00000000
0.00000000
0.00000000
0.00000000
0.00000000
0.00000000
0.00000000
0.00000000
0.00000000
0.00000000
0.00000000
0.00000000
0.00000000
0.00000000
0.00000000
0.00000000
0.00000000
0.00000000
0.00000000
0.00000000
0.00000000
0.00000000
0.00000000
0.00000000
0.00000000
0.00000000
0.00000000
0.00000000
0.00000000
0.00000000
0.00000000
0.00000000
0.00000000
0.00000000
0.00000000
0.00000000
0.00000000
0.00000000
0.00000000
0.00000000
0.00000000
0.00000000
0.00000000
0.00000000
0.00000000
0.24558792
0.17758645
0.15101106
0.05768064
0.01872033
0.00000000
0.00000000
0.00000000
0.00000000
0.00000000
0.00000000
0.00000000
0.00000000
0.00000000
0.11305757
0.00000000
0.00000000
0.00000000
0.00000000
0.00000000
0.00000000
0.00000000
0.00000000
0.00000000
0.00000000
0.00000000
0.00000000
0.00000000
0.00000000
0.00000000
0.00000000
0.00000000
0.00000000
0.00000000
0.00000000
0.00000000
0.00000000
0.00000000
0.00000000
0.61378229
1.02639711
1.13860166
1.21552873
1.02750111
1.07452822
1.14212060
0.99474800
0.46411642
0.06537658
0.00000000
0.00000000
0.00000000
0.00000000
0.00000000
0.35497117
0.61293721
0.72855753
1.06921029
1.19000673
1.51240957
1.61818171
1.47472084
1.34129810
1.35607791
1.31608248
1.06796479
0.54117233
0.00000000
0.00000000
0.00000000
0.00000000
0.32490537
0.98235989
1.12857735
1.16703975
1.64624262
1.66903758
1.76449132
1.74186587
1.71031523
1.63844109
1.80407214
1.68258822
1.55206406
1.20623016
0.40357599
0.00592136
0.00000000
0.00000000
0.02949297
1.06068897
0.89942694
1.34415329
1.34482861
0.85789090
1.21121085
1.21913123
1.31108832
1.25231218
1.51130295
1.68573129
1.43817544
1.35790563
0.91525185
0.17550880
0.00000000
0.00000000
0.00000000
0.74658400
1.39045119
0.93904030
0.91893172
0.54863501
0.67931539
0.45684713
0.76035976
0.63974094
0.78904349
0.85609943
1.32670164
1.35899425
1.26854873
0.18816161
0.00000000
0.00000000
0.00000000
0.25774166
1.09064758
1.11648595
0.86376560
0.98425829
1.12011671
1.09741771
1.23111331
1.01047158
1.01719129
0.91755730
1.04039598
1.11131477
0.98527098
0.00000000
0.00000000
0.00000000
0.00000000
0.00000000
0.00000000
0.61118728
1.11785233
1.36440504
1.34800053
1.59227860
1.44680595
1.41136479
1.39414883
1.43408370
1.47916019
1.28356409
0.46353322
0.00000000
0.00000000
0.00000000
0.00000000
0.00000000
0.00000000
0.00000000
0.35159624
0.96592039
1.16289556
1.36248279
1.51087189
1.52563393
1.53805947
1.37385821
1.07284939
0.31781060
0.00000000
0.00000000
0.00000000
0.00000000
0.00000000
0.00000000
0.00000000
0.00000000
0.00000000
0.00000000
0.33515564
0.60808825
0.75464737
0.77607548
0.69032562
0.36320966
0.00254542
0.00000000
0.00000000
0.00000000
0.00000000
0.00000000
0.00000000
0.00000000
0.00000000
0.00000000
0.00000000
0.00000000
0.00000000
0.00000000
0.00000000
0.00000000
0.00000000
0.00000000
0.00000000
0.00000000
0.00000000
0.00000000
0.00000000
0.00000000
0.00000000
0.00000000
0.00000000
0.00000000
0.00000000
0.00000000
0.00000000
0.00000000
0.00000000
0.00000000
0.00000000
0.00000000
0.00000000
0.00000000
0.00000000
0.00000000
0.00000000
0.00000000
0.00000000
0.00000000
0.00000000
0.00000000
0.00000000
0.00000000
0.00000000
0.00000000
0.00000000
0.00000000
0.00000000
0.00000000
0.00000000
0.00000000
0.00000000
0.00000000
0.00000000
0.00000000
0.00000000
0.00000000
0.00000000
0.00000000
0.00000000
0.00000000
0.00000000
0.00000000
0.00000000
0.00000000
0.00000000
0.00000000
0.00000000
0.00000000
0.00000000
0.00000000
0.00000000
